Welcome niikun 1 times,0
Welcome niikun 2 times,0
Welcome niikun 3 times,0
Welcome niikun 4 times,0
Welcome niikun 5 times,0

ls: cannot access 'error/test': No such file or directory,1
1 13935
2 17371
3 32043
1 17260
2 9035
3 20394
4 13739
5 28584
6 2578
7 11941
8 30013
9 2726
10 14240
11 5745
12 25528
13 1531
14 24404
15 2469
16 27070
17 25682
18 422
19 21915
20 29406
21 27174
22 4867
23 11107
24 8960
25 29160
26 14984
27 17502
28 31435
29 22648
30 26695
31 17949
32 9180
33 19786
34 28632
35 20309
36 4706
37 443
38 12601
39 19510
40 1899
41 15992
42 25614
43 4126
44 23586
45 17154
46 21720
47 12673
48 12014
49 14401
50 21828
51 30470
52 17238
53 31545
54 31470
55 12858
56 11623
57 27538
58 17918
59 21001
60 2024
61 13244
62 32312
63 7374
64 18495
65 11506
66 28907
67 23327
68 31985
69 18065
70 29309
71 8970
72 31913
73 21873
74 8605
75 76
76 11604
77 4589
78 27018
79 5176
80 29742
81 8138
82 11021
83 1892
84 25044
85 16276
86 12466
87 11893
88 15409
89 17657
90 22921
91 18709
92 8109
93 19344
94 25949
95 25379
96 4715
97 21427
98 16608
99 19393
100 32011
1 24907
2 5220
3 29267
4 25807
5 25771
6 10060
7 29897
8 24174
9 7184
10 28626
11 26936
12 495
13 7305
14 4437
15 31568
16 17303
17 32068
18 7298
19 8086
20 23047
21 6581
22 22877
23 29322
24 17320
25 31922
26 14451
27 14682
28 18955
29 17559
30 6466
31 16589
32 27705
33 15404
34 3561
35 29520
36 18427
37 26051
38 1161
39 25394
40 31153
41 28202
42 10713
43 515
44 11853
45 32742
46 23701
47 20922
48 11580
49 20412
50 32591
